***
Maybe we could find out some interesting things by analyzing this file.
***

=== Run information ===

Evaluator:    weka.attributeSelection.PrincipalComponents -R 0.95 -A 5
Search:       weka.attributeSelection.Ranker -T -1.7976931348623157E308 -N -1
Relation:     features-weka.filters.unsupervised.attribute.Remove-R22,25
Instances:    1516
Attributes:   24
              Gender
              Polarity
              Subjectivity
              WordCount
              FleschReading
              OT
              NT
              BoM
              DC
              PoGP
              AllScriptureCount
              StoryNames
              TalkingSpeed
              AuthorityMentions
              WeToYouRatio
              WordQuantity
              FirstPersonPronoun
              PercentInItalics
              PercentInQuotes
              DaysElapsed
              NameSearchResults
              MonthGiven
              YearGiven
              PopularByAbsolute
Evaluation mode:    evaluate on all training data



=== Attribute Selection on all input data ===

Search Method:
	Attribute ranking.

Attribute Evaluator (unsupervised):
	Principal Components Attribute Transformer

Correlation matrix
  1     -0.81  -0.43  -0.22  -0.01  -0.02   0.12   0.01   0.06   0.09   0.07   0.05   0.04   0.11   0.1   -0.06   0.11  -0.03   0.1    0.03   0.02  -0.2    0.1    0.07   0.07  -0.1  
 -0.81   1     -0.11  -0.06   0.03   0.07  -0.15  -0.05  -0.05  -0.08  -0.05  -0.04  -0.05  -0.1   -0.11   0.07  -0.1    0.06  -0.13  -0.01  -0.02   0.25  -0.17  -0.08  -0.04   0.17 
 -0.43  -0.11   1     -0.03  -0.02  -0.07  -0.01   0.05  -0.01  -0.02  -0.03  -0.01   0.03  -0.02  -0.01  -0.06  -0.05  -0.04  -0     -0.05   0.01  -0.04   0.07  -0.03  -0.05  -0.07 
 -0.22  -0.06  -0.03   1     -0.03  -0      0.05   0.01  -0.03   0.01  -0.04  -0.02  -0.03  -0.03   0.03   0.07  -0.01   0      0.05   0.04  -0.05  -0.03   0.03   0.05  -0.04  -0.03 
 -0.01   0.03  -0.02  -0.03   1      0.42  -0.21  -0.02  -0.03  -0.05  -0.04   0      0.02  -0.05  -0.17  -0.05  -0     -0.04  -0.3   -0.09   0.01  -0.01   0.01   0.03  -0     -0.01 
 -0.02   0.07  -0.07  -0      0.42   1     -0.11  -0.12   0.02   0.07   0.08   0      0.1    0.09  -0.23   0.03  -0.11  -0.02  -0.17  -0.03   0.05   0.05   0.03   0.04   0.01  -0.03 
  0.12  -0.15  -0.01   0.05  -0.21  -0.11   1     -0.1    0.14   0.21   0.19   0.05   0.15   0.27   0.54   0.12   0.32   0.14   0.91   0.53   0.08  -0.15   0.21   0.03   0.02  -0.21 
  0.01  -0.05   0.05   0.01  -0.02  -0.12  -0.1    1     -0.22  -0.31  -0.27  -0.11  -0.2   -0.37  -0.12  -0.12  -0.06   0.14  -0.04  -0.21  -0.25  -0.1   -0.02   0.03   0.07   0.01 
  0.06  -0.05  -0.01  -0.03  -0.03   0.02   0.14  -0.22   1      0.31   0.26   0.15   0.24   0.53   0.2    0.06   0.01  -0.01   0.16  -0.01   0.04  -0.04  -0      0.01  -0.02   0    
  0.09  -0.08  -0.02   0.01  -0.05   0.07   0.21  -0.31   0.31   1      0.37   0.21   0.29   0.74   0.15   0.06  -0.03   0.1    0.21  -0.05   0.09  -0.03   0.01   0.01  -0.06  -0.01 
  0.07  -0.05  -0.03  -0.04  -0.04   0.08   0.19  -0.27   0.26   0.37   1      0.16   0.34   0.8    0.07   0.14   0.02   0.09   0.18  -0.04   0.08  -0.02  -0.15  -0.02  -0.08   0.15 
  0.05  -0.04  -0.01  -0.02   0      0      0.05  -0.11   0.15   0.21   0.16   1      0.17   0.28   0.05   0.05   0.04   0.02   0.06  -0.03   0.02  -0.02  -0      0.04  -0      0    
  0.04  -0.05   0.03  -0.03   0.02   0.1    0.15  -0.2    0.24   0.29   0.34   0.17   1      0.51   0.1    0.04   0      0.07   0.13  -0.06   0.03  -0.02  -0.04   0     -0.06   0.04 
  0.11  -0.1   -0.02  -0.03  -0.05   0.09   0.27  -0.37   0.53   0.74   0.8    0.28   0.51   1      0.15   0.12   0.03   0.1    0.27  -0.07   0.1   -0.04  -0.07  -0     -0.08   0.08 
  0.1   -0.11  -0.01   0.03  -0.17  -0.23   0.54  -0.12   0.2    0.15   0.07   0.05   0.1    0.15   1      0.13   0.27   0.01   0.64   0.2    0.08  -0.09   0.02  -0.02   0.04  -0.02 
 -0.06   0.07  -0.06   0.07  -0.05   0.03   0.12  -0.12   0.06   0.06   0.14   0.05   0.04   0.12   0.13   1      0.03   0.02   0.14   0.05   0.01   0.05  -0.33  -0.01   0.01   0.33 
  0.11  -0.1   -0.05  -0.01  -0     -0.11   0.32  -0.06   0.01  -0.03   0.02   0.04   0      0.03   0.27   0.03   1     -0.01   0.3    0.12   0.18  -0.05   0.05  -0.04   0.02  -0.05 
 -0.03   0.06  -0.04   0     -0.04  -0.02   0.14   0.14  -0.01   0.1    0.09   0.02   0.07   0.1    0.01   0.02  -0.01   1      0.11  -0.08  -0.08   0.01  -0.04   0.01  -0.02   0.04 
  0.1   -0.13  -0      0.05  -0.3   -0.17   0.91  -0.04   0.16   0.21   0.18   0.06   0.13   0.27   0.64   0.14   0.3    0.11   1      0.38   0.08  -0.16   0.1    0.04   0.03  -0.1  
  0.03  -0.01  -0.05   0.04  -0.09  -0.03   0.53  -0.21  -0.01  -0.05  -0.04  -0.03  -0.06  -0.07   0.2    0.05   0.12  -0.08   0.38   1     -0.01  -0.08   0.2    0.03   0.02  -0.2  
  0.02  -0.02   0.01  -0.05   0.01   0.05   0.08  -0.25   0.04   0.09   0.08   0.02   0.03   0.1    0.08   0.01   0.18  -0.08   0.08  -0.01   1     -0.04   0.08  -0.04  -0.06  -0.08 
 -0.2    0.25  -0.04  -0.03  -0.01   0.05  -0.15  -0.1   -0.04  -0.03  -0.02  -0.02  -0.02  -0.04  -0.09   0.05  -0.05   0.01  -0.16  -0.08  -0.04   1     -0.02  -0.04  -0.03   0.03 
  0.1   -0.17   0.07   0.03   0.01   0.03   0.21  -0.02  -0      0.01  -0.15  -0     -0.04  -0.07   0.02  -0.33   0.05  -0.04   0.1    0.2    0.08  -0.02   1     -0.03   0.01  -1    
  0.07  -0.08  -0.03   0.05   0.03   0.04   0.03   0.03   0.01   0.01  -0.02   0.04   0     -0     -0.02  -0.01  -0.04   0.01   0.04   0.03  -0.04  -0.04  -0.03   1     -0.01   0.03 
  0.07  -0.04  -0.05  -0.04  -0      0.01   0.02   0.07  -0.02  -0.06  -0.08  -0     -0.06  -0.08   0.04   0.01   0.02  -0.02   0.03   0.02  -0.06  -0.03   0.01  -0.01   1     -0.03 
 -0.1    0.17  -0.07  -0.03  -0.01  -0.03  -0.21   0.01   0     -0.01   0.15   0      0.04   0.08  -0.02   0.33  -0.05   0.04  -0.1   -0.2   -0.08   0.03  -1      0.03  -0.03   1    


eigenvalue	proportion	cumulative
  3.84955	  0.14806	  0.14806	-0.392AllScriptureCount-0.375WordCount-0.373WordQuantity-0.306NT-0.292BoM...
  2.83863	  0.10918	  0.25724	0.378YearGiven-0.377DaysElapsed+0.308AllScriptureCount+0.286BoM-0.268WordCount...
  2.1494 	  0.08267	  0.33991	-0.406DaysElapsed+0.405YearGiven+0.302TalkingSpeed-0.264Gender=Male+0.261Gender=Female...
  1.85149	  0.07121	  0.41112	0.583Gender=Male-0.476Gender=Female-0.28DaysElapsed+0.278YearGiven-0.249Gender=Unknown...
  1.43904	  0.05535	  0.46647	-0.39Subjectivity-0.363Polarity+0.355Gender=Unknown+0.349FleschReading-0.295FirstPersonPronoun...
  1.24931	  0.04805	  0.51452	0.439PercentInItalics-0.392WeToYouRatio-0.369Subjectivity-0.343NameSearchResults-0.275Gender=Combo...
  1.15206	  0.04431	  0.55883	-0.551Gender=Unknown+0.452PercentInQuotes-0.346Gender=Combo+0.282WeToYouRatio+0.258Gender=Female...
  1.10259	  0.04241	  0.60123	0.417WeToYouRatio+0.375AuthorityMentions+0.356Polarity-0.344Gender=Combo+0.277FleschReading...
  1.03332	  0.03974	  0.64098	0.727MonthGiven-0.301Gender=Combo-0.299PercentInItalics-0.296WeToYouRatio+0.222Gender=Unknown...
  0.97291	  0.03742	  0.6784 	-0.529Gender=Combo-0.504DC-0.34AuthorityMentions+0.331FirstPersonPronoun-0.309MonthGiven...
  0.96185	  0.03699	  0.71539	-0.702NameSearchResults-0.451DC+0.42 Gender=Combo+0.167TalkingSpeed-0.138Gender=Female...
  0.87269	  0.03357	  0.74896	0.557DC-0.431MonthGiven-0.416NameSearchResults-0.397PercentInItalics+0.211FirstPersonPronoun...
  0.85468	  0.03287	  0.78183	0.615PercentInQuotes-0.313DC-0.299PercentInItalics+0.251AuthorityMentions+0.242StoryNames...
  0.84856	  0.03264	  0.81447	-0.503OT+0.377TalkingSpeed+0.362PercentInQuotes+0.35 Gender=Unknown-0.281Gender=Female...
  0.77283	  0.02972	  0.84419	0.49 TalkingSpeed-0.419PoGP+0.395OT-0.309AuthorityMentions-0.27BoM...
  0.70383	  0.02707	  0.87126	-0.695PoGP+0.381AuthorityMentions+0.286BoM-0.271PercentInItalics-0.215StoryNames...
  0.67032	  0.02578	  0.89704	0.51 FleschReading-0.453WeToYouRatio+0.368BoM+0.304TalkingSpeed-0.227FirstPersonPronoun...
  0.65718	  0.02528	  0.92232	-0.45NT+0.431OT-0.342StoryNames+0.325TalkingSpeed+0.28 AuthorityMentions...
  0.60236	  0.02317	  0.94548	0.372NT+0.367TalkingSpeed-0.338OT-0.323Subjectivity-0.281PercentInItalics...
  0.54763	  0.02106	  0.96655	-0.466BoM-0.431Polarity+0.41 NT+0.393Subjectivity+0.327AuthorityMentions...

Eigenvectors
 V1	 V2	 V3	 V4	 V5	 V6	 V7	 V8	 V9	 V10	 V11	 V12	 V13	 V14	 V15	 V16	 V17	 V18	 V19	 V20	
-0.141 	-0.1382	-0.2637	 0.5827	-0.1271	 0.0433	 0.1619	-0.0729	-0.073 	 0.0667	 0.0394	 0.057 	 0.069 	 0.0762	 0.0558	-0.0312	-0.0518	-0.0102	-0.0458	-0.0039	Gender=Male
 0.1413	 0.1789	 0.2612	-0.4759	-0.0847	-0.0935	 0.2576	 0.081 	 0.0448	 0.0001	-0.138 	-0.0508	-0.1942	-0.2812	-0.0706	-0.0589	 0.1776	 0.0115	 0.1402	-0.0036	Gender=Female
 0.0307	-0.0193	 0.0166	-0.2494	 0.3547	 0.2192	-0.5511	 0.1845	 0.2224	 0.1539	-0.0665	 0.0252	 0.1747	 0.3496	 0.0992	 0.1549	-0.1417	 0.0021	-0.0651	 0.0432	Gender=Unknown
 0.0004	-0.0336	 0.0876	-0.1098	 0.0492	-0.275 	-0.3462	-0.3439	-0.3012	-0.5295	 0.4195	-0.0913	 0.0342	-0.048 	-0.1648	 0.0037	-0.1064	-0.0038	-0.1546	-0.0562	Gender=Combo
 0.1144	 0.1118	-0.2475	-0.0252	-0.3625	-0.2451	-0.2266	 0.3565	 0.0865	-0.0587	-0.0041	 0.1285	 0.1886	-0.1689	 0.0967	 0.1178	-0.136 	-0.1331	 0.1722	-0.4309	Polarity
 0.0405	 0.1599	-0.2564	-0.1068	-0.3897	-0.369 	-0.1279	 0.192 	 0.0609	 0.0898	 0.1027	-0.0002	 0.0374	 0.086 	 0.0999	-0.0716	 0.1308	-0.1554	-0.3234	 0.3932	Subjectivity
-0.3746	-0.2684	 0.1872	-0.0832	-0.0595	-0.1818	-0.0138	 0.0948	 0.0019	 0.1151	-0.0062	 0.0433	-0.0009	 0.0641	-0.0155	-0.0015	 0.0639	-0.0794	-0.119 	 0.042 	WordCount
 0.1995	-0.148 	 0.1051	 0.2189	 0.3489	-0.2256	-0.0135	 0.2774	 0.01  	-0.0631	 0.0125	 0.0523	 0.0659	-0.0941	 0.0458	-0.0729	 0.5096	-0.0965	-0.2018	 0.1033	FleschReading
-0.2449	 0.1544	-0.1011	-0.0437	 0.0858	 0.0576	 0.0093	-0.1111	 0.2214	-0.0476	-0.0115	-0.1253	 0.2092	-0.5027	 0.3954	 0.0847	-0.0542	 0.4314	-0.3377	 0.0929	OT
-0.3057	 0.2084	-0.1556	-0.06  	 0.1205	-0.0369	 0.0509	-0.075 	-0.0209	-0.0547	 0.0488	-0.1383	-0.1032	 0.0119	 0.1221	 0.1553	-0.1115	-0.4499	 0.3717	 0.4099	NT
-0.2918	 0.2864	-0.0703	 0.0021	 0.0618	-0.016 	 0.0256	 0.0426	-0.0665	 0.1412	 0.1163	-0.0357	-0.0619	 0.1514	-0.2696	 0.2856	 0.368 	 0.0721	-0.1199	-0.4663	BoM
-0.1398	 0.113 	-0.095 	 0.0073	 0.0673	-0.0043	-0.0009	-0.0529	 0.1361	-0.5042	-0.4508	 0.5566	-0.3134	 0.1064	 0.0727	-0.0222	-0.0116	-0.0774	-0.1928	-0.0488	DC
-0.2278	 0.2045	-0.1212	-0.0455	 0.0956	-0.0723	-0.0521	 0.1168	 0.0489	 0.0575	 0.0029	 0.1419	 0.2015	 0.03  	-0.419 	-0.6951	-0.1259	 0.2483	 0.1136	 0.0939	PoGP
-0.3919	 0.3076	-0.1559	-0.0346	 0.1197	-0.015 	 0.0259	-0.0043	 0.0098	 0.0194	 0.0551	-0.0587	-0.0118	-0.0099	-0.0751	 0.1554	 0.1312	-0.0192	 0.024 	-0.026 	AllScriptureCount
-0.2889	-0.1728	 0.2451	 0.0123	-0.0294	 0.0839	-0.0173	 0.0774	 0.0919	-0.1088	-0.0205	-0.0399	 0.2421	-0.2283	 0.1793	-0.2153	-0.1237	-0.3422	 0.1148	-0.3206	StoryNames
-0.0908	 0.1618	 0.302 	 0.0591	-0.2353	-0.0623	-0.0874	-0.1187	 0.0311	-0.0863	 0.1673	 0.1269	 0.0388	 0.377 	 0.4898	-0.1306	 0.3042	 0.3248	 0.3665	 0.0047	TalkingSpeed
-0.1477	-0.1672	 0.1129	 0.0373	-0.2395	 0.2046	-0.007 	 0.3748	-0.1399	-0.3396	-0.0988	 0.0628	 0.2507	-0.0637	-0.3095	 0.3813	 0.0552	 0.2802	 0.1825	 0.327 	AuthorityMentions
-0.053 	 0.0391	 0.0887	 0.0155	 0.2755	-0.3924	 0.2823	 0.4173	-0.2961	-0.0292	-0.0049	-0.1094	-0.151 	 0.1977	 0.2221	 0.069 	-0.4527	 0.244 	-0.0316	-0.0783	WeToYouRatio
-0.3728	-0.2353	 0.2611	-0.029 	 0.0107	-0.1166	-0.0204	 0.0959	 0.0169	 0.0485	-0.0221	-0.0242	 0.028 	-0.0035	 0.0193	-0.0814	 0.1238	-0.1831	-0.141 	 0.0332	WordQuantity
-0.1506	-0.2681	 0.1226	-0.1555	-0.2952	-0.1626	-0.026 	-0.2492	 0.0978	 0.3308	-0.0293	 0.211 	-0.1929	 0.0555	-0.124 	 0.1662	-0.2269	 0.1546	-0.1488	 0.0134	FirstPersonPronoun
-0.0972	-0.0074	-0.0859	-0.1133	-0.2873	 0.4392	-0.1052	 0.2146	-0.2988	-0.1246	-0.095 	-0.3966	-0.2993	 0.1426	 0.1307	-0.2714	 0.0457	-0.0111	-0.2815	-0.0704	PercentInItalics
 0.0879	 0.1152	 0.0414	-0.2408	-0.07  	 0.0494	 0.4522	-0.1678	-0.0742	-0.1046	-0.1057	 0.0131	 0.615 	 0.3617	 0.0167	 0.0413	-0.0378	-0.1721	-0.2708	-0.0375	PercentInQuotes
-0.051 	-0.3766	-0.4058	-0.2805	 0.0925	-0.047 	 0.1008	-0.0355	-0.022 	-0.0664	 0.032 	 0.0015	 0.0123	 0.0451	 0.0932	-0.0402	 0.1611	 0.1069	 0.1583	-0.0683	DaysElapsed
-0.0097	-0.0047	-0.0175	 0.1203	-0.0225	-0.3434	-0.2445	-0.2523	-0.1282	 0.0254	-0.7023	-0.4158	 0.1365	 0.0417	-0.0532	 0.0098	 0.0933	 0.085 	 0.1311	-0.0312	NameSearchResults
 0.0196	-0.078 	 0.0264	 0.1115	-0.0683	-0.1022	 0.1553	 0.0578	 0.7267	-0.3094	 0.1039	-0.4307	-0.13  	 0.2361	-0.1818	 0.0078	-0.0686	 0.0501	-0.0154	-0.0481	MonthGiven
 0.0505	 0.3781	 0.4051	 0.2781	-0.0912	 0.049 	-0.1038	 0.0343	 0.0075	 0.0725	-0.034 	 0.0071	-0.0098	-0.0497	-0.0895	 0.0401	-0.1597	-0.1079	-0.1579	 0.0692	YearGiven

Ranked attributes:
 0.8519    1 -0.392AllScriptureCount-0.375WordCount-0.373WordQuantity-0.306NT-0.292BoM...
 0.7428    2 0.378YearGiven-0.377DaysElapsed+0.308AllScriptureCount+0.286BoM-0.268WordCount...
 0.6601    3 -0.406DaysElapsed+0.405YearGiven+0.302TalkingSpeed-0.264Gender=Male+0.261Gender=Female...
 0.5889    4 0.583Gender=Male-0.476Gender=Female-0.28DaysElapsed+0.278YearGiven-0.249Gender=Unknown...
 0.5335    5 -0.39Subjectivity-0.363Polarity+0.355Gender=Unknown+0.349FleschReading-0.295FirstPersonPronoun...
 0.4855    6 0.439PercentInItalics-0.392WeToYouRatio-0.369Subjectivity-0.343NameSearchResults-0.275Gender=Combo...
 0.4412    7 -0.551Gender=Unknown+0.452PercentInQuotes-0.346Gender=Combo+0.282WeToYouRatio+0.258Gender=Female...
 0.3988    8 0.417WeToYouRatio+0.375AuthorityMentions+0.356Polarity-0.344Gender=Combo+0.277FleschReading...
 0.359     9 0.727MonthGiven-0.301Gender=Combo-0.299PercentInItalics-0.296WeToYouRatio+0.222Gender=Unknown...
 0.3216   10 -0.529Gender=Combo-0.504DC-0.34AuthorityMentions+0.331FirstPersonPronoun-0.309MonthGiven...
 0.2846   11 -0.702NameSearchResults-0.451DC+0.42 Gender=Combo+0.167TalkingSpeed-0.138Gender=Female...
 0.251    12 0.557DC-0.431MonthGiven-0.416NameSearchResults-0.397PercentInItalics+0.211FirstPersonPronoun...
 0.2182   13 0.615PercentInQuotes-0.313DC-0.299PercentInItalics+0.251AuthorityMentions+0.242StoryNames...
 0.1855   14 -0.503OT+0.377TalkingSpeed+0.362PercentInQuotes+0.35 Gender=Unknown-0.281Gender=Female...
 0.1558   15 0.49 TalkingSpeed-0.419PoGP+0.395OT-0.309AuthorityMentions-0.27BoM...
 0.1287   16 -0.695PoGP+0.381AuthorityMentions+0.286BoM-0.271PercentInItalics-0.215StoryNames...
 0.103    17 0.51 FleschReading-0.453WeToYouRatio+0.368BoM+0.304TalkingSpeed-0.227FirstPersonPronoun...
 0.0777   18 -0.45NT+0.431OT-0.342StoryNames+0.325TalkingSpeed+0.28 AuthorityMentions...
 0.0545   19 0.372NT+0.367TalkingSpeed-0.338OT-0.323Subjectivity-0.281PercentInItalics...
 0.0335   20 -0.466BoM-0.431Polarity+0.41 NT+0.393Subjectivity+0.327AuthorityMentions...

Selected attributes: 1,2,3,4,5,6,7,8,9,10,11,12,13,14,15,16,17,18,19,20 : 20

